5991
821
6659
432
5205
8487
181
8849
447
7458
5405
7491
795
8526
4541
494
5722
818
5680
6629
4382
6
7277
1326
5309
3788
6898
2451
7958
7157
8074
2401
3179
5212
815
5751
2350
5686
5101
3985
2927
7688
6375
1166
4181
598
3667
1355
9237
1432
4476
4095
4369
7433
6384
1295
2244
3852
1533
1312
112
1191
1829
4971
8844
6291
7777
8803
4627
605
9227
4196
6979
8008
6318
7845
4571
5262
2385
8978
4953
498
8139
635
1496
9363
2338
6742
5825
9350
3541
4286
3884
3619
4239
368
4356
4301
4091
956
1393
4083
221
2622
7152
7667
3169
1095
9234
8547
3558
6663
8857
7828
8941
835
5165
7488
8014
8590
6775
6249
7799
127
8682
7819
4232
2317
6343
7928
1041
7242
8710
7130
2786
8118
7727
4645
3608
2280
7063
5508
5333
2814
6988
2900
5603
1933
8853
3651
4429
2911
741
6544
6194
2591
6708
3782
1362
7426
7692
1797
6761
7226
1494
9142
391
4650
6818
9107
1863
333
4844
2573
4456
6432
1651
6001
7954
5658
3561
3447
2666
5280
2410
5325
7707
7625
6692
3025
3082
1978
2646
5383
1894
7273
6314
1359
974
2421
2104
4968
619
4437
1573
4580
5349
5397
6013
8959
1992
5789
1514
2260
7796
6499
572
1542
7213
661
7299
7066
8691
2586
449
9407
6040
5844
5835
2565
4053
6400
6879
8017
5635
2258
2655
7874
1973
7411
2439
9001
9026
359
7495
2010
777
1719
6865
8174
3693
5881
6900
2610
6699
3687
8560
1988
3244
6496
625
4809
6031
2568
5098
83
7676
8771
3752
8481
1937
9270
8233
5576
6417
8293
2354
7903
5663
19436
13586
12471
9706
16917
16285
15918
17801
13563
18214
15712
11941
19047
18578
18159
12998
17610
16806
18285
12023
15801
9779
15093
14814
14420
17206
12522
15357
12149
12087
16925
13779
11264
10260
16901
19161
14313
17323
11092
12203
13079
13280
12270
15835
15406
17473
11427
15302
13395
17673
18491
10019
11256
15310
15306
13231
13106
11487
14527
13958
13291
16130
12593
12775
19389
14593
14697
19272
17595
16448
9771
9683
13526
10415
16528
19114
18004
10279
16112
17504
10692
11354
15206
11622
16657
14416
11467
16984
19432
11417
14066
14230
16317
14142
16873
12847
9663
14239
10070
12528
12162
16067
17990
18046
17618
17145
12821
17367
9562
17920
16120
11712
14840
17679
11182
19231
9551
15401
18054
18946
9971
13463
14883
18785
14961
14001
9985
15415
11889
9928
11806
13776
12824
17950
14326
17198
17997
19529
18195
19518
13929
14330
10889
17657
12904
12033
12685
18989
10531
11676
13617
15896
17763
14681
14693
16798
11739
9824
9796
18401
15025
13367
9994
17076
10534
13294
12373
10443
14778
15136
14011
11881
17682
9981
15391
17476
11483
11672
11221
10230
10678
10537
11811
11730
17573
17535
12937
9753
14511
12333
11771
13989
15920
15479
10145
13517
13955
10158
13797
17884
9862
17894
16103
13510
17962
18305
17666
16769
13453
13938
10343
10684
15290
19010
19060
10523
16772
15009
10649
14951
19515
15714
19471
15882
12582
10910
13346
10306
11951
15582
9686
9952
9998
17377
10719
17576
9555
10830
10469
19177
16097
17029
17547
16758
17012
16864
17277
9783
17759
18276
10461
17298
16704
15686
15268
17923
18465
13492
18172
10723
17655
10745
14822
13128
10670
15676
16333
18633
12097
18885
16481
16063
15215
12787
10440
15625
18352
17218
9654
